0001282946SM00020151101000            
01000000046755908100000000000087567781
17000000000000000000000000000000000000
02100000000000000001500000000000000000
02300000000000000000150000000000000000
02500000005040583700250000000001260146
03000000000000000000500000000000000000
18000000000000000000250000000000000000
04000000000000000000500000000000000000
06000000000000000002000000000000000000
07100000000000000002000000000000000000
07300000000000000002000000000000000000
08000000000000000001500000000000000000
24100000000000000000500000000000000000
24200000000000000000500000000000000000
09100000000000000002000000000000000000
09300000000000000002000000000000000000
10000000000000000001500000000000000000
11000000000000000000500000000000000000
12100000000000000000250000000000000000
12200000000000000000250000000000000000
12300000000000000001500000000000000000
13100000000000000000050000000000000000
13200000000000000000150000000000000000
14000000000000000005000000000000000000
15000000000000000010000000000000000000
16000000000000000000000000000000000000
20000000000000000000100000000000000000
19100000000000000001000000000000000000
19200000000000000002500000000000000000
05100000000000000001500000000000000000
21000000000386603000100000000000038660
22000000000000000002500000000000000000
25000000000000000000150000000000000000
99900000000000000000000000000001298806
