 10001     1279520801MOHAMED                       MESSADI                       04681518      4863,892   20661,710       0,000   25525,602
 10002     1675971707FELLEH                        MAROUEN                       04719965      2567,289    4428,352    3965,509   10961,150
 10003     1626460701SAKKAT                        MAHMOUD                       04718586      2912,696       0,000       0,000   13425,241
 10005     1286849904HAMROUNI                      SAMI                          08157870      3973,050    7515,782       0,000   17652.896
 10006     1664661608MSADAK                        MEHDI                         08307600      3291,286    5132,271       0,000   13497.795
 10008     1659268708KASRI                         RIDHA                         07116063      2570,306   10829,983       0,000   13400.290
 10009     1283791000MAMOU                         SOUHEIL                       07052481      5747,744   13234,534       0,000   27725.439
 10010     1646975100BIBI                          GHAZI                         08705694         0,000    9538,422       0,000   19929.102
 10012     1633763105DRIDI                         MALEK                         08709140      5450,469       0,000       0,000    9365.256
 10013     1248871707BEN JEDDOU                    NABIL                         05985313      6469,474       0,000       0,000   27818.231
 10014     1259866406EL MELAH                      KHALED                        08333198      3516,027       0,000       0,000   15466.344
 10015     1683783508BOUJEMAA                      KHEMAIS                       04793861      2983,588       0,000       0,000   13085.229
 10017     1626495509JAAFOURA                      AZER                          08343153      3442,120    6253,296       0,000   14930.393
 10018     1652043504ABESS                         IBRAHIM                       08788209      5582,180    5570,928       0,000   19625.421
 10019     1626692105MAALEJ                        FEDIA                         07121252      2532,597    2532,597       0,000    8978.667
 10020     1679017200BEL AKHEL                     MARIEM                        08808172      2564,272    2564,272       0,000    8991.488
 10021     1659289704NASRI                         HAYTHEM                       07414748      1812,874    1757,464       0,000    6309.577
 10022     1286849904CHAIBI                        ABDELHAKIM                    03780896      5495,380    9114,103       0,000   23048.843
 10023     1278150402OUERTANI                      MOHAMED                       04640656      3460,219    5794,849       0,000   14599.350
 10024     1636934802BEN AICHA                     ALLELA                        08169506      2307,857    3867,093       0,000    9751.311
 10030     1653633907MANNOUBI                      AHMED AMINE                   08723902         0,000       0,000    1598,591    1598,591
 10030     1275425104BELHAJ                        SAMI                          08316211         0,000       0,000    1598,591   23257,395